0.000158498     146
0.000158498     147
0.000158498     148
0.000158498     149
0.000158498     169
0.000158498     175
0.000158498     192
0.000158498     201
0.000158498     205
0.000158498     206
0.000158498     221
0.000158498     228
0.000158498     233
0.000158498     234
0.000158498     241
0.000158498     247
0.000158498     251
0.000158498     254
0.000158498     257
0.000158498     260
0.000158498     262
0.000158498     272
0.000158498     281
0.000158498     282
0.000158498     284
0.000158498     298
0.000158498     316
0.000158498     321
0.000158498     324
0.000158498     325
0.000158498     326
0.000158498     591
0.000158498     666
0.000158498     671
0.000158498     692
0.000158498     694
0.000158498     702
0.000158498     705
0.000158498     713
0.000158498     737
0.000158498     795
0.000158498     810
0.000158498     840
0.000158498     841
0.000158498     860
0.000158498     904
0.000158498     964
0.000162715     351
0.000166243     550
0.000170118     874
0.000170515     868
0.000170515     962
0.000182055     917
0.000183596     418
0.000183757     922
0.000186575     183
0.00019311     890
0.00019396     893
0.00019396     925
0.000194251     812
0.000198152     182
0.000203413     214
0.000204431     836
0.000204503     172
0.000205012     839
0.000206888     816
0.00021217     658
0.000216078     833
0.000216452     173
0.000219197     819
0.000219727     806
0.000225646     961
0.00022587     283
0.00022587     381
0.00022587     845
0.000227813     830
0.000228712     826
0.000229835     153
0.000230784     822
0.000231299     729
0.000238896     161
0.000244293     901
0.000244293     951
0.000248916     314
0.000249993     235
0.000250288     957
0.000251712     156
0.000252507     660
0.000256834     734
0.000259948     465
0.000268639     849
0.000268639     850
0.000275853     202
0.000275853     203
0.000276586     237
0.000276586     239
0.000281909     213
0.000281909     317
0.000285587     290
0.000286516     219
0.000287944     867
0.000289167     789
0.000292086     297
0.000293243     693
0.000293243     716
0.000315681     921
0.000320535     803
0.000320535     829
0.000322114     322
0.000322415     240
0.000323288     934
0.000323378     157
0.000323378     159
0.000324413     249
0.000328642     309
0.000329276     184
0.000329276     185
0.000336775     732
0.000338095     259
0.000342219     928
0.000342311     158
0.000351523     932
0.000356156     690
0.000358067     293
0.000366161     196
0.000368282     303
0.000368282     304
0.000368282     305
0.00037681     162
0.000386919     847
0.000398183     809
0.000412305     69
0.000412658     792
0.000414478     825
0.000417862     271
0.000429602     815
0.000429905     323
0.00043007     939
0.00043694     851
0.000438362     287
0.000443052     231
0.000443342     199
0.000444342     805
0.000444342     866
0.000444342     920
0.000444342     960
0.000447374     227
0.000447374     285
0.000451006     273
0.000458391     790
0.000463002     301
0.000463493     695
0.000465569     791
0.000481487     263
0.000495353     802
0.000503724     258
0.000506821     712
0.00052043     873
0.00052043     877
0.00052043     885
0.00054312     320
0.000550247     152
0.000594768     194
0.000601182     188
0.000609107     308
0.000610549     164
0.000612783     238
0.000614488     150
0.00061716     197
0.000628369     733
0.000629359     268
0.000638786     318
0.000640427     798
0.000641059     880
0.000656559     190
0.000657524     310
0.000659497     708
0.000659558     313
0.000672743     302
0.000672783     710
0.000692021     811
0.000692021     956
0.000698973     894
0.000698973     946
0.00069904     275
0.000705703     954
0.00070959     319
0.000731199     243
0.000733728     119
0.000733728     123
0.000733728     124
0.000733728     128
0.000736     280
0.000737164     744
0.000738622     166
0.000741237     793
0.000741237     914
0.000747376     788
0.000749976     292
0.000756857     294
0.000763921     743
0.000782865     741
0.000782865     742
0.00078304     198
0.000783568     794
0.000783865     248
0.000798206     276
0.000803298     154
0.000809416     289
0.000809957     715
0.000815474     808
0.000817973     861
0.000817973     911
0.000818348     193
0.00082822     191
0.000841379     217
0.00084163     232
0.000844655     155
0.000860129     33
0.000860129     34
0.000860129     36
0.000860129     81
0.000860129     83
0.000860129     801
0.000869068     813
0.000888284     242
0.00089658     738
0.000905214     186
0.000917946     820
0.000922796     225
0.00092725     244
0.000935295     336
0.000935295     346
0.000935295     348
0.000935295     364
0.000935295     393
0.000935295     396
0.000935295     419
0.000935295     430
0.000935295     482
0.000935295     491
0.000935295     511
0.000935295     512
0.000935295     520
0.000935295     533
0.000935295     564
0.000935295     575
0.000935295     584
0.000935295     596
0.000935295     612
0.000935295     613
0.000935295     625
0.000935295     645
0.000935295     649
0.000935796     359
0.000936274     506
0.000936274     561
0.000938855     540
0.000939074     635
0.000940649     410
0.000942342     438
0.000942342     527
0.000942773     548
0.000943345     365
0.000945781     898
0.000946265     480
0.000949189     246
0.00095015     329
0.00095015     331
0.00095015     332
0.000952987     547
0.000953012     379
0.000953425     315
0.000960432     565
0.000968835     831
0.000984655     312
0.000986299     691
0.000986299     719
0.000986299     721
0.000995384     222
0.000995384     223
0.00100629     817
0.00100782     711
0.00100817     163
0.00100861     178
0.00101021     306
0.00101265     392
0.00101277     481
0.00101544     171
0.00102076     277
0.00102333     827
0.00103949     834
0.00104554     552
0.00104628     2
0.00104628     3
0.00104628     4
0.00104628     5
0.00104628     6
0.00104628     7
0.00104628     8
0.00104628     9
0.00104628     10
0.00104817     210
0.00105249     837
0.00105462     37
0.00105462     38
0.00105462     39
0.00105462     40
0.00105462     41
0.00105462     42
0.00105462     43
0.00105462     45
0.00105462     46
0.00105462     47
0.00105462     48
0.00105462     49
0.00105462     50
0.00105462     51
0.00105462     52
0.00105462     53
0.00105462     55
0.00105462     56
0.00105462     57
0.00105462     58
0.00105462     59
0.00105462     61
0.00105462     62
0.00105462     63
0.00105462     64
0.00105462     65
0.00105462     66
0.00105462     67
0.00105462     68
0.00105462     70
0.00105462     71
0.00105462     72
0.00105462     73
0.00105462     74
0.00105462     75
0.00105462     76
0.00105462     77
0.00105462     78
0.00105462     79
0.00105462     84
0.00105462     85
0.00105462     86
0.00105462     87
0.00105462     88
0.00105462     89
0.00105462     91
0.00105462     92
0.00105462     96
0.00105462     97
0.00105462     98
0.00105462     99
0.00105462     100
0.00105462     101
0.00105462     102
0.00105462     103
0.00105462     104
0.00105462     105
0.00105462     106
0.00105462     108
0.00105462     109
0.00105462     110
0.00105462     111
0.00105462     112
0.00105462     113
0.00105462     114
0.00105462     115
0.00105462     116
0.00105478     44
0.00105478     60
0.00105478     90
0.00105616     11
0.00105616     12
0.00105616     13
0.00105616     14
0.00105616     15
0.00105616     16
0.00105616     17
0.00105616     18
0.00105616     19
0.00105616     20
0.00105616     21
0.00105616     22
0.00105616     23
0.00105616     24
0.00105616     25
0.00105616     26
0.00105616     27
0.00105616     28
0.00105616     29
0.00105616     30
0.00105616     31
0.00105616     32
0.00105616     117
0.00105616     118
0.00105616     130
0.00105616     131
0.00105616     132
0.00105616     133
0.00105616     134
0.00105616     135
0.00105616     136
0.00105616     137
0.00105616     138
0.00105616     139
0.00105616     140
0.00105616     141
0.00105616     142
0.00105616     497
0.00105616     646
0.00105616     657
0.00105616     659
0.00105616     661
0.00105616     662
0.00105616     663
0.00105616     664
0.00105616     665
0.00105616     696
0.00105616     697
0.00105616     698
0.00105616     699
0.00105616     700
0.00105616     701
0.00105616     714
0.00105616     717
0.00105616     718
0.00105616     722
0.00105616     723
0.00105616     724
0.00105616     725
0.00105616     726
0.00105616     727
0.00105616     746
0.00105616     747
0.00105616     748
0.00105616     749
0.00105616     750
0.00105616     751
0.00105616     752
0.00105616     753
0.00105616     754
0.00105616     755
0.00105616     756
0.00105616     757
0.00105616     758
0.00105616     759
0.00105616     760
0.00105616     761
0.00105616     762
0.00105616     763
0.00105616     764
0.00105616     765
0.00105616     766
0.00105616     767
0.00105616     768
0.00105616     769
0.00105616     770
0.00105616     771
0.00105616     772
0.00105616     773
0.00105616     774
0.00105616     775
0.00105616     776
0.00105616     777
0.00105616     778
0.00105616     779
0.00105616     780
0.00105616     781
0.00105616     782
0.00105616     783
0.00105616     784
0.00105616     785
0.00105616     786
0.00105616     787
0.00105616     796
0.00105616     797
0.00105616     799
0.00105616     843
0.00105616     846
0.00105616     852
0.00105616     854
0.00105616     855
0.00105616     856
0.00105616     858
0.00105616     872
0.00105616     876
0.00105616     879
0.00105616     882
0.00105616     884
0.00105616     887
0.00105616     889
0.00105616     892
0.00105616     895
0.00105616     897
0.00105616     902
0.00105616     903
0.00105616     906
0.00105616     907
0.00105616     947
0.00105623     863
0.00105623     924
0.00105636     870
0.00105636     916
0.00105723     835
0.00105723     930
0.00105832     838
0.00105832     927
0.00106384     828
0.00106384     936
0.00106658     80
0.00106744     832
0.00106744     933
0.00107321     704
0.00108639     448
0.00108639     449
0.00108639     450
0.00108639     451
0.00108639     452
0.00108639     453
0.00108639     454
0.00108639     455
0.00108639     456
0.00108639     457
0.00108639     459
0.00108639     460
0.00108639     461
0.00108639     462
0.00108639     463
0.00108639     466
0.00108639     467
0.00108639     468
0.00109111     255
0.00109215     333
0.00109215     334
0.00109215     335
0.00109215     337
0.00109215     338
0.00109215     339
0.00109215     340
0.00109215     341
0.00109215     342
0.00109215     343
0.00109215     344
0.00109215     345
0.00109215     347
0.00109215     349
0.00109215     352
0.00109215     353
0.00109215     354
0.00109215     355
0.00109215     356
0.00109215     357
0.00109215     358
0.00109215     360
0.00109215     362
0.00109215     363
0.00109215     366
0.00109215     367
0.00109215     368
0.00109215     369
0.00109215     370
0.00109215     372
0.00109215     373
0.00109215     374
0.00109215     375
0.00109215     376
0.00109215     382
0.00109215     383
0.00109215     384
0.00109215     385
0.00109215     386
0.00109215     387
0.00109215     388
0.00109215     391
0.00109215     394
0.00109215     397
0.00109215     398
0.00109215     399
0.00109215     401
0.00109215     402
0.00109215     404
0.00109215     406
0.00109215     407
0.00109215     408
0.00109215     409
0.00109215     411
0.00109215     412
0.00109215     413
0.00109215     414
0.00109215     416
0.00109215     420
0.00109215     421
0.00109215     422
0.00109215     423
0.00109215     424
0.00109215     425
0.00109215     426
0.00109215     427
0.00109215     428
0.00109215     429
0.00109215     431
0.00109215     432
0.00109215     433
0.00109215     434
0.00109215     435
0.00109215     436
0.00109215     437
0.00109215     439
0.00109215     440
0.00109215     442
0.00109215     443
0.00109215     444
0.00109215     445
0.00109215     446
0.00109215     469
0.00109215     471
0.00109215     472
0.00109215     473
0.00109215     474
0.00109215     475
0.00109215     477
0.00109215     478
0.00109215     483
0.00109215     484
0.00109215     486
0.00109215     487
0.00109215     488
0.00109215     490
0.00109215     492
0.00109215     493
0.00109215     494
0.00109215     495
0.00109215     496
0.00109215     498
0.00109215     499
0.00109215     500
0.00109215     502
0.00109215     503
0.00109215     504
0.00109215     507
0.00109215     508
0.00109215     509
0.00109215     510
0.00109215     513
0.00109215     514
0.00109215     515
0.00109215     516
0.00109215     517
0.00109215     518
0.00109215     521
0.00109215     522
0.00109215     524
0.00109215     525
0.00109215     526
0.00109215     528
0.00109215     529
0.00109215     530
0.00109215     531
0.00109215     532
0.00109215     534
0.00109215     535
0.00109215     536
0.00109215     537
0.00109215     538
0.00109215     542
0.00109215     545
0.00109215     546
0.00109215     549
0.00109215     551
0.00109215     554
0.00109215     555
0.00109215     556
0.00109215     557
0.00109215     558
0.00109215     559
0.00109215     563
0.00109215     566
0.00109215     567
0.00109215     568
0.00109215     569
0.00109215     570
0.00109215     572
0.00109215     573
0.00109215     576
0.00109215     577
0.00109215     581
0.00109215     582
0.00109215     583
0.00109215     585
0.00109215     587
0.00109215     589
0.00109215     590
0.00109215     592
0.00109215     593
0.00109215     594
0.00109215     595
0.00109215     597
0.00109215     599
0.00109215     600
0.00109215     601
0.00109215     602
0.00109215     603
0.00109215     604
0.00109215     605
0.00109215     607
0.00109215     608
0.00109215     609
0.00109215     610
0.00109215     611
0.00109215     614
0.00109215     615
0.00109215     616
0.00109215     617
0.00109215     618
0.00109215     619
0.00109215     620
0.00109215     621
0.00109215     622
0.00109215     623
0.00109215     626
0.00109215     627
0.00109215     628
0.00109215     629
0.00109215     630
0.00109215     631
0.00109215     633
0.00109215     636
0.00109215     637
0.00109215     638
0.00109215     639
0.00109215     640
0.00109215     641
0.00109215     642
0.00109215     643
0.00109215     644
0.00109215     647
0.00109215     648
0.00109215     650
0.00109215     651
0.00109215     652
0.00109215     653
0.00109215     654
0.00109215     655
0.00109215     656
0.00109217     371
0.00109217     380
0.00109217     389
0.00109217     395
0.00109217     470
0.00109217     476
0.00109217     523
0.00109217     539
0.00109217     574
0.00109217     598
0.00109218     541
0.0010922     415
0.0010922     553
0.0010922     560
0.0010922     579
0.00109221     578
0.00109225     544
0.00109401     821
0.00109401     941
0.0010957     824
0.0010957     938
0.00110905     441
0.00110905     479
0.00110905     489
0.00110905     501
0.00110905     519
0.00110905     562
0.00110905     571
0.0011091     378
0.00111156     327
0.00111156     330
0.0011116     505
0.00111167     634
0.00111225     377
0.00111342     823
0.00111387     403
0.0011277     390
0.00112846     151
0.00113187     667
0.00113187     668
0.00113187     669
0.00113187     670
0.00113187     672
0.00113187     673
0.00113187     674
0.00113187     675
0.00113187     676
0.00113187     677
0.00113187     678
0.00113187     679
0.00113187     681
0.00113187     682
0.00113187     683
0.00113187     684
0.00113187     686
0.00113187     687
0.00113187     688
0.00113187     689
0.00113692     485
0.00113692     588
0.00113939     447
0.00113939     458
0.0011416     464
0.00114478     226
0.00114508     1
0.00114565     580
0.00114565     606
0.00114566     586
0.00114713     543
0.00115641     245
0.00115731     300
0.00115932     405
0.0011626     400
0.0011626     624
0.00117108     818
0.00117108     943
0.00117247     632
0.00118206     361
0.00118657     857
0.00118657     905
0.00118657     950
0.00118657     952
0.00119663     680
0.00119663     685
0.00120419     54
0.00120419     93
0.00120419     94
0.00120419     95
0.00120419     107
0.00120549     814
0.00120549     945
0.00121033     859
0.00121033     910
0.00121973     707
0.00122121     212
0.00123448     417
0.00124415     908
0.00124415     909
0.00125218     120
0.00125218     122
0.00125218     125
0.00125218     127
0.0012531     869
0.00125432     129
0.00125432     144
0.00125432     145
0.00126241     745
0.00126443     730
0.00126556     350
0.00126573     720
0.00127042     953
0.00127388     279
0.0012821     881
0.00128524     270
0.00128773     862
0.00129665     886
0.00130178     842
0.00130896     121
0.00130896     126
0.0013178     288
0.00131786     915
0.00131903     888
0.00133394     218
0.00133776     891
0.00135537     865
0.00135537     919
0.00135537     959
0.00135558     871
0.00135863     728
0.00135931     143
0.00136451     844
0.00137108     912
0.00137108     913
0.00137379     883
0.00137996     875
0.00138849     929
0.0013904     935
0.00139331     878
0.00139997     250
0.00140061     267
0.00140078     940
0.00140085     926
0.00140648     931
0.00141446     937
0.00141731     731
0.00141732     923
0.0014246     896
0.0014246     948
0.00144821     35
0.00144821     82
0.00144821     800
0.00146866     261
0.0014784     189
0.00150289     709
0.00154562     944
0.00154615     739
0.00155328     965
0.00155789     949
0.0015755     174
0.00157747     253
0.00158517     176
0.00159095     195
0.00159548     266
0.00163673     168
0.00164428     942
0.00166832     216
0.00170073     963
0.00175344     278
0.00175425     299
0.00178179     900
0.00179581     160
0.00183339     328
0.00184433     291
0.00187566     252
0.00187912     165
0.00190351     220
0.00190911     236
0.00192505     955
0.00195881     736
0.00196169     179
0.00197767     899
0.00199229     187
0.00201746     215
0.00204261     274
0.00207394     181
0.00209603     177
0.00209772     230
0.00212378     307
0.0021406     740
0.00215915     703
0.0022021     853
0.00220723     204
0.00222458     265
0.00234377     207
0.00236082     848
0.00236746     167
0.0024195     224
0.00248729     735
0.00255423     296
0.00263306     256
0.00264363     264
0.00265493     286
0.0027046     209
0.00274502     706
0.00278463     807
0.00284795     200
0.00286106     180
0.00345683     211
0.00357367     170
0.0040671     311
0.00420146     804
0.00494857     229
0.00502437     269
0.00601495     295
0.00616961     958
0.00657855     864
0.00658411     918
0.0103444     208
