17    737   0.000158498     146
18    206   0.000158498     147
20    282   0.000158498     148
21    962   0.000158498     149
22    175   0.000158498     169
22    251   0.000158498     175
22    810   0.000158498     192
23    149   0.000158498     201
23    284   0.000158498     205
23    321   0.000158498     206
23    692   0.000158498     221
23    694   0.000158498     228
23    904   0.000158498     233
24    169   0.000158498     234
24    172   0.000158498     241
24    201   0.000158498     247
24    351   0.000158498     251
24    795   0.000158498     254
25    147   0.000158498     257
25    192   0.000158498     260
25    260   0.000158498     262
25    874   0.000158498     272
26    205   0.000158498     281
26    247   0.000158498     282
27    262   0.000158498     284
27    324   0.000158498     298
27    705   0.000158498     316
27    713   0.000158498     321
27    893   0.000158498     324
28    234   0.000158498     325
28    257   0.000158498     326
28    272   0.000158498     591
28    671   0.000158498     666
28    729   0.000158498     671
28    836   0.000158498     692
28    922   0.000158498     694
29    183   0.000158498     702
29    241   0.000158498     705
29    281   0.000158498     713
29    812   0.000158498     737
29    860   0.000158498     795
29    868   0.000158498     810
29    964   0.000158498     840
30    228   0.000158498     841
30    917   0.000158498     860
31    148   0.000158498     904
31    254   0.000158498     964
31    325   0.000162715     351
31    550   0.000166243     550
31    925   0.000170118     874
32    173   0.000170515     868
32    233   0.000170515     962
32    666   0.000182055     917
33    298   0.000183596     418
33    326   0.000183757     922
33    418   0.000186575     183
33    658   0.00019311     890
33    702   0.00019396     893
33    806   0.00019396     925
33    822   0.000194251     812
33    839   0.000198152     182
33    840   0.000203413     214
34    221   0.000204431     836
34    591   0.000204503     172
34    841   0.000205012     839
35    316   0.000206888     816
35    833   0.00021217     658
36    235   0.000216078     833
36    845   0.000216452     173
37    146   0.000219197     819
37    816   0.000219727     806
38    819   0.000225646     961
39    182   0.00022587     283
39    290   0.00022587     381
39    314   0.00022587     845
39    850   0.000227813     830
40    153   0.000228712     826
40    249   0.000229835     153
40    830   0.000230784     822
40    951   0.000231299     729
41    214   0.000238896     161
41    283   0.000244293     901
41    849   0.000244293     951
41    890   0.000248916     314
41    901   0.000249993     235
42    156   0.000250288     957
42    203   0.000251712     156
42    465   0.000252507     660
42    826   0.000256834     734
43    202   0.000259948     465
43    660   0.000268639     849
46    161   0.000268639     850
46    381   0.000275853     202
48    184   0.000275853     203
48    734   0.000276586     237
49    309   0.000276586     239
50    213   0.000281909     213
51    185   0.000281909     317
51    693   0.000285587     290
51    867   0.000286516     219
51    957   0.000287944     867
52    716   0.000289167     789
52    789   0.000292086     297
52    803   0.000293243     693
52    829   0.000293243     716
52    961   0.000315681     921
53    259   0.000320535     803
54    219   0.000320535     829
55    237   0.000322114     322
55    732   0.000322415     240
55    934   0.000323288     934
57    322   0.000323378     157
58    239   0.000323378     159
59    157   0.000324413     249
59    317   0.000328642     309
59    932   0.000329276     184
60    159   0.000329276     185
60    162   0.000336775     732
61    196   0.000338095     259
62    792   0.000342219     928
62    847   0.000342311     158
63    303   0.000351523     932
64    297   0.000356156     690
65    690   0.000358067     293
65    809   0.000366161     196
66    199   0.000368282     303
66    240   0.000368282     304
68    287   0.000368282     305
68    805   0.00037681     162
69    69   0.000386919     847
69    851   0.000398183     809
70    158   0.000412305     69
70    305   0.000412658     792
70    866   0.000414478     825
71    304   0.000417862     271
71    825   0.000429602     815
72    791   0.000429905     323
72    928   0.00043007     939
72    939   0.00043694     851
75    227   0.000438362     287
76    271   0.000443052     231
76    920   0.000443342     199
77    293   0.000444342     805
78    320   0.000444342     866
78    815   0.000444342     920
78    960   0.000444342     960
80    921   0.000447374     227
81    790   0.000447374     285
82    263   0.000451006     273
82    323   0.000458391     790
83    695   0.000463002     301
83    811   0.000463493     695
84    273   0.000465569     791
85    231   0.000481487     263
85    285   0.000495353     802
87    152   0.000503724     258
88    802   0.000506821     712
90    308   0.00052043     873
92    873   0.00052043     877
93    294   0.00052043     885
94    164   0.00054312     320
94    712   0.000550247     152
94    733   0.000594768     194
96    877   0.000601182     188
99    258   0.000609107     308
101    188   0.000610549     164
102    238   0.000612783     238
103    319   0.000614488     150
104    885   0.00061716     197
105    197   0.000628369     733
106    150   0.000629359     268
106    318   0.000638786     318
106    880   0.000640427     798
107    708   0.000641059     880
108    194   0.000656559     190
108    738   0.000657524     310
111    301   0.000659497     708
111    710   0.000659558     313
113    166   0.000672743     302
113    243   0.000672783     710
114    310   0.000692021     811
114    794   0.000692021     956
116    123   0.000698973     894
117    119   0.000698973     946
118    798   0.00069904     275
120    289   0.000705703     954
120    775   0.00070959     319
121    198   0.000731199     243
121    268   0.000733728     119
121    894   0.000733728     123
122    808   0.000733728     124
123    776   0.000733728     128
124    312   0.000736     280
127    248   0.000737164     744
128    191   0.000738622     166
128    743   0.000741237     793
128    946   0.000741237     914
129    744   0.000747376     788
131    190   0.000749976     292
131    33   0.000756857     294
131    813   0.000763921     743
133    155   0.000782865     741
133    788   0.000782865     742
134    793   0.00078304     198
135    280   0.000783568     794
136    154   0.000783865     248
136    313   0.000798206     276
136    715   0.000803298     154
136    725   0.000809416     289
139    956   0.000809957     715
140    193   0.000815474     808
141    186   0.000817973     861
142    128   0.000817973     911
142    217   0.000818348     193
142    232   0.00082822     191
142    34   0.000841379     217
144    742   0.00084163     232
144    81   0.000844655     155
145    315   0.000860129     33
145    438   0.000860129     34
146    275   0.000860129     36
147    331   0.000860129     81
147    723   0.000860129     83
148    302   0.000860129     801
149    452   0.000869068     813
149    612   0.000888284     242
149    817   0.00089658     738
149    914   0.000905214     186
149    954   0.000917946     820
151    610   0.000922796     225
152    359   0.00092725     244
153    244   0.000935295     336
153    306   0.000935295     346
153    491   0.000935295     348
153    625   0.000935295     364
154    346   0.000935295     393
154    741   0.000935295     396
155    277   0.000935295     419
155    548   0.000935295     430
155    83   0.000935295     482
156    447   0.000935295     491
156    722   0.000935295     511
157    292   0.000935295     512
157    511   0.000935295     520
158    101   0.000935295     533
158    24   0.000935295     564
158    25   0.000935295     575
158    506   0.000935295     584
158    53   0.000935295     596
159    27   0.000935295     612
159    329   0.000935295     613
159    332   0.000935295     625
159    36   0.000935295     645
159    463   0.000935295     649
159    481   0.000935796     359
159    561   0.000936274     506
159    699   0.000936274     561
159    758   0.000938855     540
159    947   0.000939074     635
160    124   0.000940649     410
160    19   0.000942342     438
160    21   0.000942342     527
160    242   0.000942773     548
160    419   0.000943345     365
160    575   0.000945781     898
160    613   0.000946265     480
160    700   0.000949189     246
160    701   0.00095015     329
160    831   0.00095015     331
161    103   0.00095015     332
161    31   0.000952987     547
161    348   0.000953012     379
161    430   0.000953425     315
161    6   0.000960432     565
161    711   0.000968835     831
161    757   0.000984655     312
161    895   0.000986299     691
161    911   0.000986299     719
162    365   0.000986299     721
162    369   0.000995384     222
162    396   0.000995384     223
162    520   0.00100629     817
162    97   0.00100782     711
163    497   0.00100817     163
163    70   0.00100861     178
163    887   0.00101021     306
164    14   0.00101265     392
164    20   0.00101277     481
164    362   0.00101544     171
164    453   0.00102076     277
164    467   0.00102333     827
164    50   0.00103949     834
164    726   0.00104554     552
164    801   0.00104628     2
165    495   0.00104628     3
165    620   0.00104628     4
165    621   0.00104628     5
165    641   0.00104628     6
165    814   0.00104628     7
166    22   0.00104628     8
166    26   0.00104628     9
166    461   0.00104628     10
166    719   0.00104817     210
166    750   0.00105249     837
167    23   0.00105462     37
167    336   0.00105462     38
167    394   0.00105462     39
167    410   0.00105462     40
167    429   0.00105462     41
167    649   0.00105462     42
167    760   0.00105462     43
168    352   0.00105462     45
168    397   0.00105462     46
168    543   0.00105462     47
168    588   0.00105462     48
168    646   0.00105462     49
168    761   0.00105462     50
168    837   0.00105462     51
168    861   0.00105462     52
169    503   0.00105462     53
169    512   0.00105462     55
169    540   0.00105462     56
169    544   0.00105462     57
169    656   0.00105462     58
169    756   0.00105462     59
169    906   0.00105462     61
170    635   0.00105462     62
170    65   0.00105462     63
170    686   0.00105462     64
170    765   0.00105462     65
170    843   0.00105462     66
170    907   0.00105462     67
171    114   0.00105462     68
171    163   0.00105462     70
171    30   0.00105462     71
171    494   0.00105462     72
171    697   0.00105462     73
171    827   0.00105462     74
171    88   0.00105462     75
171    9   0.00105462     76
172    246   0.00105462     77
172    393   0.00105462     78
172    449   0.00105462     79
172    474   0.00105462     84
172    483   0.00105462     85
172    572   0.00105462     86
172    601   0.00105462     87
172    645   0.00105462     88
172    764   0.00105462     89
172    838   0.00105462     91
173    37   0.00105462     92
173    38   0.00105462     96
173    560   0.00105462     97
173    681   0.00105462     98
173    724   0.00105462     99
173    747   0.00105462     100
173    748   0.00105462     101
173    820   0.00105462     102
174    13   0.00105462     103
174    15   0.00105462     104
174    29   0.00105462     105
174    32   0.00105462     106
174    330   0.00105462     108
174    364   0.00105462     109
174    43   0.00105462     110
174    468   0.00105462     111
174    579   0.00105462     112
174    91   0.00105462     113
174    938   0.00105462     114
175    111   0.00105462     115
175    366   0.00105462     116
175    451   0.00105478     44
175    457   0.00105478     60
175    547   0.00105478     90
175    551   0.00105616     11
175    691   0.00105616     12
175    721   0.00105616     13
175    835   0.00105616     14
175    863   0.00105616     15
176    356   0.00105616     16
176    363   0.00105616     17
176    513   0.00105616     18
176    565   0.00105616     19
176    768   0.00105616     20
176    936   0.00105616     21
177    105   0.00105616     22
177    276   0.00105616     23
177    347   0.00105616     24
177    392   0.00105616     25
177    406   0.00105616     26
177    407   0.00105616     27
177    471   0.00105616     28
177    546   0.00105616     29
177    554   0.00105616     30
177    563   0.00105616     31
177    596   0.00105616     32
177    659   0.00105616     117
177    67   0.00105616     118
177    672   0.00105616     130
177    7   0.00105616     131
177    884   0.00105616     132
178    113   0.00105616     133
178    379   0.00105616     134
178    404   0.00105616     135
178    41   0.00105616     136
178    42   0.00105616     137
178    442   0.00105616     138
178    448   0.00105616     139
178    45   0.00105616     140
178    455   0.00105616     141
178    466   0.00105616     142
178    484   0.00105616     497
178    655   0.00105616     646
178    76   0.00105616     657
178    763   0.00105616     659
179    408   0.00105616     661
179    423   0.00105616     662
179    581   0.00105616     663
179    585   0.00105616     664
179    73   0.00105616     665
179    898   0.00105616     696
180    178   0.00105616     697
180    420   0.00105616     698
180    437   0.00105616     699
180    527   0.00105616     700
180    533   0.00105616     701
180    605   0.00105616     714
180    696   0.00105616     717
180    727   0.00105616     718
180    772   0.00105616     722
180    796   0.00105616     723
181    112   0.00105616     724
181    135   0.00105616     725
181    333   0.00105616     726
181    341   0.00105616     727
181    391   0.00105616     746
181    427   0.00105616     747
181    522   0.00105616     748
181    556   0.00105616     749
181    564   0.00105616     750
181    584   0.00105616     751
182    4   0.00105616     752
182    40   0.00105616     753
182    445   0.00105616     754
182    46   0.00105616     755
182    480   0.00105616     756
182    487   0.00105616     757
182    52   0.00105616     758
182    582   0.00105616     759
182    653   0.00105616     760
182    769   0.00105616     761
182    797   0.00105616     762
182    834   0.00105616     763
183    116   0.00105616     764
183    335   0.00105616     765
183    395   0.00105616     766
183    460   0.00105616     767
183    519   0.00105616     768
183    600   0.00105616     769
183    623   0.00105616     770
183    648   0.00105616     771
183    749   0.00105616     772
183    759   0.00105616     773
183    773   0.00105616     774
183    779   0.00105616     775
184    106   0.00105616     776
184    139   0.00105616     777
184    378   0.00105616     778
184    386   0.00105616     779
184    398   0.00105616     780
184    433   0.00105616     781
184    464   0.00105616     782
184    492   0.00105616     783
184    5   0.00105616     784
184    515   0.00105616     785
184    557   0.00105616     786
184    604   0.00105616     787
184    62   0.00105616     796
184    68   0.00105616     797
184    682   0.00105616     799
184    832   0.00105616     843
185    344   0.00105616     846
185    385   0.00105616     852
185    456   0.00105616     854
185    545   0.00105616     855
185    552   0.00105616     856
185    589   0.00105616     858
185    677   0.00105616     872
185    782   0.00105616     876
185    98   0.00105616     879
186    110   0.00105616     882
186    225   0.00105616     884
186    368   0.00105616     887
186    44   0.00105616     889
186    539   0.00105616     892
186    57   0.00105616     895
186    583   0.00105616     897
186    622   0.00105616     902
186    633   0.00105616     903
186    673   0.00105616     906
186    675   0.00105616     907
186    755   0.00105616     947
186    783   0.00105623     863
187    109   0.00105623     924
187    28   0.00105636     870
187    416   0.00105636     916
187    444   0.00105723     835
187    462   0.00105723     930
187    478   0.00105832     838
187    508   0.00105832     927
187    567   0.00106384     828
187    586   0.00106384     936
187    61   0.00106658     80
187    636   0.00106744     832
187    718   0.00106744     933
187    751   0.00107321     704
187    766   0.00108639     448
187    889   0.00108639     449
188    100   0.00108639     450
188    358   0.00108639     451
188    372   0.00108639     452
188    405   0.00108639     453
188    450   0.00108639     454
188    454   0.00108639     455
188    488   0.00108639     456
188    500   0.00108639     457
188    640   0.00108639     459
188    752   0.00108639     460
188    762   0.00108639     461
188    767   0.00108639     462
188    770   0.00108639     463
188    774   0.00108639     466
188    823   0.00108639     467
188    92   0.00108639     468
189    145   0.00109111     255
189    370   0.00109215     333
189    384   0.00109215     334
189    436   0.00109215     335
189    532   0.00109215     337
189    618   0.00109215     338
189    661   0.00109215     339
189    771   0.00109215     340
190    210   0.00109215     341
190    440   0.00109215     342
190    459   0.00109215     343
190    573   0.00109215     344
190    595   0.00109215     345
190    597   0.00109215     347
190    608   0.00109215     349
190    617   0.00109215     352
190    630   0.00109215     353
190    71   0.00109215     354
191    121   0.00109215     355
191    171   0.00109215     356
191    337   0.00109215     357
191    502   0.00109215     358
191    529   0.00109215     360
191    534   0.00109215     362
191    553   0.00109215     363
191    59   0.00109215     366
191    657   0.00109215     367
191    698   0.00109215     368
192    421   0.00109215     369
192    458   0.00109215     370
192    537   0.00109215     372
192    559   0.00109215     373
192    56   0.00109215     374
192    568   0.00109215     375
192    592   0.00109215     376
192    606   0.00109215     382
192    615   0.00109215     383
192    663   0.00109215     384
192    683   0.00109215     385
192    77   0.00109215     386
193    39   0.00109215     387
193    434   0.00109215     388
193    58   0.00109215     391
193    624   0.00109215     394
193    627   0.00109215     397
193    639   0.00109215     398
193    654   0.00109215     399
193    668   0.00109215     401
193    680   0.00109215     402
193    754   0.00109215     404
193    784   0.00109215     406
193    854   0.00109215     407
194    334   0.00109215     408
194    383   0.00109215     409
194    446   0.00109215     411
194    504   0.00109215     412
194    521   0.00109215     413
194    577   0.00109215     414
194    603   0.00109215     416
194    644   0.00109215     420
194    66   0.00109215     421
194    665   0.00109215     422
194    746   0.00109215     423
194    933   0.00109215     424
195    342   0.00109215     425
195    353   0.00109215     426
195    489   0.00109215     427
195    509   0.00109215     428
195    517   0.00109215     429
195    523   0.00109215     431
195    526   0.00109215     432
195    558   0.00109215     433
195    74   0.00109215     434
195    8   0.00109215     435
195    80   0.00109215     436
196    102   0.00109215     437
196    108   0.00109215     439
196    136   0.00109215     440
196    349   0.00109215     442
196    377   0.00109215     443
196    415   0.00109215     444
196    482   0.00109215     445
196    496   0.00109215     446
196    542   0.00109215     469
196    598   0.00109215     471
196    616   0.00109215     472
196    689   0.00109215     473
196    872   0.00109215     474
196    897   0.00109215     475
196    96   0.00109215     477
197    138   0.00109215     478
197    3   0.00109215     483
197    345   0.00109215     484
197    367   0.00109215     486
197    439   0.00109215     487
197    475   0.00109215     488
197    499   0.00109215     490
197    501   0.00109215     492
197    516   0.00109215     493
197    574   0.00109215     494
197    669   0.00109215     495
197    882   0.00109215     496
197    89   0.00109215     498
198    357   0.00109215     499
198    469   0.00109215     500
198    473   0.00109215     502
198    525   0.00109215     503
198    571   0.00109215     504
198    631   0.00109215     507
198    687   0.00109215     508
198    707   0.00109215     509
198    714   0.00109215     510
198    870   0.00109215     513
199    115   0.00109215     514
199    118   0.00109215     515
199    122   0.00109215     516
199    327   0.00109215     517
199    422   0.00109215     518
199    428   0.00109215     521
199    593   0.00109215     522
199    611   0.00109215     524
199    650   0.00109215     525
199    662   0.00109215     526
199    78   0.00109215     528
199    930   0.00109215     529
200    10   0.00109215     530
200    104   0.00109215     531
200    360   0.00109215     532
200    373   0.00109215     534
200    402   0.00109215     535
200    413   0.00109215     536
200    49   0.00109215     537
200    498   0.00109215     538
200    538   0.00109215     542
200    609   0.00109215     545
200    628   0.00109215     546
200    777   0.00109215     549
200    824   0.00109215     551
200    927   0.00109215     554
200    941   0.00109215     555
201    399   0.00109215     556
201    424   0.00109215     557
201    55   0.00109215     558
201    562   0.00109215     559
201    594   0.00109215     563
201    607   0.00109215     566
201    674   0.00109215     567
201    778   0.00109215     568
201    787   0.00109215     569
202    117   0.00109215     570
202    132   0.00109215     572
202    354   0.00109215     573
202    403   0.00109215     576
202    425   0.00109215     577
202    470   0.00109215     581
202    472   0.00109215     582
202    566   0.00109215     583
202    626   0.00109215     585
202    704   0.00109215     587
202    86   0.00109215     589
203    375   0.00109215     590
203    387   0.00109215     592
203    409   0.00109215     593
203    514   0.00109215     594
203    599   0.00109215     595
203    602   0.00109215     597
203    642   0.00109215     599
203    685   0.00109215     600
203    75   0.00109215     601
203    799   0.00109215     602
203    818   0.00109215     603
204    2   0.00109215     604
204    343   0.00109215     605
204    443   0.00109215     607
204    524   0.00109215     608
204    576   0.00109215     609
204    60   0.00109215     610
204    634   0.00109215     611
204    643   0.00109215     614
204    670   0.00109215     615
204    717   0.00109215     616
205    432   0.00109215     617
205    745   0.00109215     618
205    90   0.00109215     619
206    144   0.00109215     620
206    279   0.00109215     621
206    389   0.00109215     622
206    431   0.00109215     623
206    47   0.00109215     626
206    479   0.00109215     627
206    51   0.00109215     628
206    54   0.00109215     629
206    614   0.00109215     630
206    72   0.00109215     631
206    828   0.00109215     633
206    94   0.00109215     636
207    129   0.00109215     637
207    131   0.00109215     638
207    137   0.00109215     639
207    361   0.00109215     640
207    507   0.00109215     641
207    569   0.00109215     642
207    587   0.00109215     643
207    629   0.00109215     644
207    632   0.00109215     647
207    638   0.00109215     648
207    664   0.00109215     650
207    676   0.00109215     651
207    678   0.00109215     652
207    821   0.00109215     653
208    120   0.00109215     654
208    133   0.00109215     655
208    411   0.00109215     656
208    477   0.00109217     371
208    530   0.00109217     380
208    637   0.00109217     389
208    679   0.00109217     395
208    846   0.00109217     470
209    339   0.00109217     476
209    578   0.00109217     523
209    590   0.00109217     539
209    651   0.00109217     574
209    753   0.00109217     598
209    881   0.00109218     541
209    99   0.0010922     415
210    493   0.0010922     553
210    518   0.0010922     560
210    786   0.0010922     579
210    857   0.00109221     578
211    1   0.00109225     544
211    17   0.00109401     821
211    401   0.00109401     941
211    412   0.0010957     824
211    510   0.0010957     938
211    535   0.00110905     441
211    580   0.00110905     479
211    87   0.00110905     489
212    134   0.00110905     501
212    226   0.00110905     519
212    414   0.00110905     562
212    485   0.00110905     571
212    486   0.0011091     378
212    505   0.00111156     327
212    549   0.00111156     330
212    781   0.0011116     505
212    902   0.00111167     634
212    903   0.00111225     377
213    151   0.00111342     823
213    222   0.00111387     403
213    300   0.0011277     390
213    528   0.00112846     151
213    570   0.00113187     667
213    79   0.00113187     668
213    924   0.00113187     669
213    95   0.00113187     670
214    223   0.00113187     672
214    371   0.00113187     673
214    374   0.00113187     674
214    388   0.00113187     675
214    435   0.00113187     676
214    64   0.00113187     677
214    876   0.00113187     678
215    140   0.00113187     679
215    245   0.00113187     681
215    355   0.00113187     682
215    476   0.00113187     683
215    48   0.00113187     684
215    619   0.00113187     686
215    667   0.00113187     687
215    785   0.00113187     688
216    141   0.00113187     689
216    382   0.00113692     485
216    400   0.00113692     588
216    441   0.00113939     447
216    852   0.00113939     458
216    855   0.0011416     464
216    916   0.00114478     226
217    376   0.00114508     1
217    490   0.00114565     580
217    888   0.00114565     606
217    892   0.00114566     586
218    255   0.00114713     543
218    338   0.00115641     245
218    684   0.00115731     300
218    878   0.00115932     405
218    943   0.0011626     400
219    84   0.0011626     624
220    212   0.00117108     818
220    340   0.00117108     943
220    647   0.00117247     632
220    871   0.00118206     361
220    879   0.00118657     857
221    390   0.00118657     905
221    426   0.00118657     950
221    531   0.00118657     952
221    652   0.00119663     680
221    688   0.00119663     685
221    85   0.00120419     54
222    18   0.00120419     93
222    250   0.00120419     94
222    780   0.00120419     95
222    926   0.00120419     107
223    720   0.00120549     814
223    842   0.00120549     945
223    953   0.00121033     859
224    12   0.00121033     910
224    288   0.00121973     707
224    731   0.00122121     212
224    856   0.00123448     417
224    862   0.00124415     908
225    555   0.00124415     909
225    63   0.00125218     120
225    869   0.00125218     122
225    931   0.00125218     125
226    143   0.00125218     127
226    218   0.0012531     869
228    142   0.00125432     129
228    541   0.00125432     144
228    875   0.00125432     145
228    891   0.00126241     745
228    905   0.00126443     730
229    952   0.00126556     350
230    11   0.00126573     720
230    16   0.00127042     953
230    380   0.00127388     279
230    536   0.0012821     881
230    883   0.00128524     270
230    915   0.00128773     862
231    950   0.00129665     886
232    130   0.00130178     842
232    909   0.00130896     121
232    937   0.00130896     126
233    739   0.0013178     288
233    910   0.00131786     915
234    935   0.00131903     888
235    730   0.00133394     218
236    350   0.00133776     891
236    728   0.00135537     865
237    107   0.00135537     919
237    844   0.00135537     959
240    417   0.00135558     871
241    858   0.00135863     728
241    940   0.00135931     143
243    886   0.00136451     844
244    945   0.00137108     912
245    93   0.00137108     913
246    126   0.00137379     883
246    859   0.00137996     875
248    923   0.00138849     929
249    912   0.0013904     935
250    913   0.00139331     878
250    919   0.00139997     250
251    189   0.00140061     267
253    865   0.00140078     940
254    127   0.00140085     926
254    959   0.00140648     931
256    261   0.00141446     937
258    929   0.00141731     731
259    948   0.00141732     923
261    908   0.0014246     896
269    125   0.0014246     948
270    944   0.00144821     35
273    896   0.00144821     82
274    253   0.00144821     800
274    270   0.00146866     261
274    800   0.0014784     189
277    965   0.00150289     709
278    267   0.00154562     944
279    168   0.00154615     739
279    82   0.00155328     965
281    709   0.00155789     949
283    35   0.0015755     174
285    949   0.00157747     253
290    942   0.00158517     176
291    216   0.00159095     195
293    176   0.00159548     266
293    291   0.00163673     168
294    328   0.00164428     942
297    278   0.00166832     216
303    174   0.00170073     963
303    195   0.00175344     278
306    900   0.00175425     299
317    187   0.00178179     900
317    740   0.00179581     160
318    299   0.00183339     328
322    963   0.00184433     291
324    266   0.00187566     252
325    252   0.00187912     165
326    736   0.00190351     220
327    160   0.00190911     236
327    220   0.00192505     955
330    307   0.00195881     736
331    955   0.00196169     179
335    165   0.00197767     899
336    853   0.00199229     187
365    848   0.00201746     215
367    204   0.00204261     274
371    181   0.00207394     181
375    236   0.00209603     177
376    274   0.00209772     230
378    899   0.00212378     307
379    230   0.0021406     740
391    215   0.00215915     703
392    703   0.0022021     853
401    179   0.00220723     204
405    177   0.00222458     265
405    265   0.00234377     207
419    167   0.00236082     848
429    735   0.00236746     167
449    286   0.0024195     224
458    256   0.00248729     735
460    224   0.00255423     296
462    296   0.00263306     256
466    200   0.00264363     264
490    706   0.00265493     286
506    807   0.0027046     209
524    209   0.00274502     706
524    264   0.00278463     807
526    207   0.00284795     200
551    180   0.00286106     180
625    170   0.00345683     211
697    804   0.00357367     170
746    211   0.0040671     311
790    311   0.00420146     804
875    229   0.00494857     229
913    269   0.00502437     269
1044    958   0.00601495     295
1084    864   0.00616961     958
1084    918   0.00657855     864
1138    295   0.00658411     918
1875    208   0.0103444     208
