17    737
18    206
20    282
21    962
22    175
22    251
22    810
23    149
23    284
23    321
23    692
23    694
23    904
24    169
24    172
24    201
24    351
24    795
25    147
25    192
25    260
25    874
26    205
26    247
27    262
27    324
27    705
27    713
27    893
28    234
28    257
28    272
28    671
28    729
28    836
28    922
29    183
29    241
29    281
29    812
29    860
29    868
29    964
30    228
30    917
31    148
31    254
31    325
31    550
31    925
32    173
32    233
32    666
33    298
33    326
33    418
33    658
33    702
33    806
33    822
33    839
33    840
34    221
34    591
34    841
35    316
35    833
36    235
36    845
37    146
37    816
38    819
39    182
39    290
39    314
39    850
40    153
40    249
40    830
40    951
41    214
41    283
41    849
41    890
41    901
42    156
42    203
42    465
42    826
43    202
43    660
46    161
46    381
48    184
48    734
49    309
50    213
51    185
51    693
51    867
51    957
52    716
52    789
52    803
52    829
52    961
53    259
54    219
55    237
55    732
55    934
57    322
58    239
59    157
59    317
59    932
60    159
60    162
61    196
62    792
62    847
63    303
64    297
65    690
65    809
66    199
66    240
68    287
68    805
69    69
69    851
70    158
70    305
70    866
71    304
71    825
72    791
72    928
72    939
75    227
76    271
76    920
77    293
78    320
78    815
78    960
80    921
81    790
82    263
82    323
83    695
83    811
84    273
85    231
85    285
87    152
88    802
90    308
92    873
93    294
94    164
94    712
94    733
96    877
99    258
101    188
102    238
103    319
104    885
105    197
106    150
106    318
106    880
107    708
108    194
108    738
111    301
111    710
113    166
113    243
114    310
114    794
116    123
117    119
118    798
120    289
120    775
121    198
121    268
121    894
122    808
123    776
124    312
127    248
128    191
128    743
128    946
129    744
131    190
131    33
131    813
133    155
133    788
134    793
135    280
136    154
136    313
136    715
136    725
139    956
140    193
141    186
142    128
142    217
142    232
142    34
144    742
144    81
145    315
145    438
146    275
147    331
147    723
148    302
149    452
149    612
149    817
149    914
149    954
151    610
152    359
153    244
153    306
153    491
153    625
154    346
154    741
155    277
155    548
155    83
156    447
156    722
157    292
157    511
158    101
158    24
158    25
158    506
158    53
159    27
159    329
159    332
159    36
159    463
159    481
159    561
159    699
159    758
159    947
160    124
160    19
160    21
160    242
160    419
160    575
160    613
160    700
160    701
160    831
161    103
161    31
161    348
161    430
161    6
161    711
161    757
161    895
161    911
162    365
162    369
162    396
162    520
162    97
163    497
163    70
163    887
164    14
164    20
164    362
164    453
164    467
164    50
164    726
164    801
165    495
165    620
165    621
165    641
165    814
166    22
166    26
166    461
166    719
166    750
167    23
167    336
167    394
167    410
167    429
167    649
167    760
168    352
168    397
168    543
168    588
168    646
168    761
168    837
168    861
169    503
169    512
169    540
169    544
169    656
169    756
169    906
170    635
170    65
170    686
170    765
170    843
170    907
171    114
171    163
171    30
171    494
171    697
171    827
171    88
171    9
172    246
172    393
172    449
172    474
172    483
172    572
172    601
172    645
172    764
172    838
173    37
173    38
173    560
173    681
173    724
173    747
173    748
173    820
174    13
174    15
174    29
174    32
174    330
174    364
174    43
174    468
174    579
174    91
174    938
175    111
175    366
175    451
175    457
175    547
175    551
175    691
175    721
175    835
175    863
176    356
176    363
176    513
176    565
176    768
176    936
177    105
177    276
177    347
177    392
177    406
177    407
177    471
177    546
177    554
177    563
177    596
177    659
177    67
177    672
177    7
177    884
178    113
178    379
178    404
178    41
178    42
178    442
178    448
178    45
178    455
178    466
178    484
178    655
178    76
178    763
179    408
179    423
179    581
179    585
179    73
179    898
180    178
180    420
180    437
180    527
180    533
180    605
180    696
180    727
180    772
180    796
181    112
181    135
181    333
181    341
181    391
181    427
181    522
181    556
181    564
181    584
182    4
182    40
182    445
182    46
182    480
182    487
182    52
182    582
182    653
182    769
182    797
182    834
183    116
183    335
183    395
183    460
183    519
183    600
183    623
183    648
183    749
183    759
183    773
183    779
184    106
184    139
184    378
184    386
184    398
184    433
184    464
184    492
184    5
184    515
184    557
184    604
184    62
184    68
184    682
184    832
185    344
185    385
185    456
185    545
185    552
185    589
185    677
185    782
185    98
186    110
186    225
186    368
186    44
186    539
186    57
186    583
186    622
186    633
186    673
186    675
186    755
186    783
187    109
187    28
187    416
187    444
187    462
187    478
187    508
187    567
187    586
187    61
187    636
187    718
187    751
187    766
187    889
188    100
188    358
188    372
188    405
188    450
188    454
188    488
188    500
188    640
188    752
188    762
188    767
188    770
188    774
188    823
188    92
189    145
189    370
189    384
189    436
189    532
189    618
189    661
189    771
190    210
190    440
190    459
190    573
190    595
190    597
190    608
190    617
190    630
190    71
191    121
191    171
191    337
191    502
191    529
191    534
191    553
191    59
191    657
191    698
192    421
192    458
192    537
192    559
192    56
192    568
192    592
192    606
192    615
192    663
192    683
192    77
193    39
193    434
193    58
193    624
193    627
193    639
193    654
193    668
193    680
193    754
193    784
193    854
194    334
194    383
194    446
194    504
194    521
194    577
194    603
194    644
194    66
194    665
194    746
194    933
195    342
195    353
195    489
195    509
195    517
195    523
195    526
195    558
195    74
195    8
195    80
196    102
196    108
196    136
196    349
196    377
196    415
196    482
196    496
196    542
196    598
196    616
196    689
196    872
196    897
196    96
197    138
197    3
197    345
197    367
197    439
197    475
197    499
197    501
197    516
197    574
197    669
197    882
197    89
198    357
198    469
198    473
198    525
198    571
198    631
198    687
198    707
198    714
198    870
199    115
199    118
199    122
199    327
199    422
199    428
199    593
199    611
199    650
199    662
199    78
199    930
200    10
200    104
200    360
200    373
200    402
200    413
200    49
200    498
200    538
200    609
200    628
200    777
200    824
200    927
200    941
201    399
201    424
201    55
201    562
201    594
201    607
201    674
201    778
201    787
202    117
202    132
202    354
202    403
202    425
202    470
202    472
202    566
202    626
202    704
202    86
203    375
203    387
203    409
203    514
203    599
203    602
203    642
203    685
203    75
203    799
203    818
204    2
204    343
204    443
204    524
204    576
204    60
204    634
204    643
204    670
204    717
205    432
205    745
205    90
206    144
206    279
206    389
206    431
206    47
206    479
206    51
206    54
206    614
206    72
206    828
206    94
207    129
207    131
207    137
207    361
207    507
207    569
207    587
207    629
207    632
207    638
207    664
207    676
207    678
207    821
208    120
208    133
208    411
208    477
208    530
208    637
208    679
208    846
209    339
209    578
209    590
209    651
209    753
209    881
209    99
210    493
210    518
210    786
210    857
211    1
211    17
211    401
211    412
211    510
211    535
211    580
211    87
212    134
212    226
212    414
212    485
212    486
212    505
212    549
212    781
212    902
212    903
213    151
213    222
213    300
213    528
213    570
213    79
213    924
213    95
214    223
214    371
214    374
214    388
214    435
214    64
214    876
215    140
215    245
215    355
215    476
215    48
215    619
215    667
215    785
216    141
216    382
216    400
216    441
216    852
216    855
216    916
217    376
217    490
217    888
217    892
218    255
218    338
218    684
218    878
218    943
219    84
220    212
220    340
220    647
220    871
220    879
221    390
221    426
221    531
221    652
221    688
221    85
222    18
222    250
222    780
222    926
223    720
223    842
223    953
224    12
224    288
224    731
224    856
224    862
225    555
225    63
225    869
225    931
226    143
226    218
228    142
228    541
228    875
228    891
228    905
229    952
230    11
230    16
230    380
230    536
230    883
230    915
231    950
232    130
232    909
232    937
233    739
233    910
234    935
235    730
236    350
236    728
237    107
237    844
240    417
241    858
241    940
243    886
244    945
245    93
246    126
246    859
248    923
249    912
250    913
250    919
251    189
253    865
254    127
254    959
256    261
258    929
259    948
261    908
269    125
270    944
273    896
274    253
274    270
274    800
277    965
278    267
279    168
279    82
281    709
283    35
285    949
290    942
291    216
293    176
293    291
294    328
297    278
303    174
303    195
306    900
317    187
317    740
318    299
322    963
324    266
325    252
326    736
327    160
327    220
330    307
331    955
335    165
336    853
365    848
367    204
371    181
375    236
376    274
378    899
379    230
391    215
392    703
401    179
405    177
405    265
419    167
429    735
449    286
458    256
460    224
462    296
466    200
490    706
506    807
524    209
524    264
526    207
551    180
625    170
697    804
746    211
790    311
875    229
913    269
1044    958
1084    864
1084    918
1138    295
1875    208
