[
[ 1 2 3 6 7 11 13 19 22 29 59 ]
[ 0 3 5 6 7 10 14 16 21 22 28 65 68 ]
[ 0 38 78 ]
[ 1 0 4 8 10 12 30 48 49 76 89 ]
[ 3 8 10 15 30 ]
[ 1 6 7 21 22 25 27 35 84 88 ]
[ 1 0 5 7 9 20 22 24 33 35 37 ]
[ 6 5 1 0 22 31 46 47 64 ]
[ 4 3 15 30 39 76 ]
[ 6 18 26 82 ]
[ 3 1 4 15 32 40 68 ]
[ 0 51 ]
[ 3 48 49 56 ]
[ 0 29 59 69 86 ]
[ 1 16 43 45 68 71 72 ]
[ 4 8 10 32 40 ]
[ 14 1 17 23 44 68 ]
[ 16 ]
[ 9 43 67 ]
[ 0 ]
[ 6 33 63 73 93 ]
[ 5 1 55 ]
[ 7 5 0 6 1 28 53 68 88 96 97 ]
[ 16 ]
[ 6 50 54 ]
[ 5 61 81 ]
[ 9 ]
[ 5 42 80 ]
[ 22 1 53 ]
[ 13 0 36 59 69 ]
[ 8 3 4 34 57 58 62 89 94 ]
[ 7 46 47 64 ]
[ 10 15 40 ]
[ 20 6 ]
[ 30 41 58 70 ]
[ 5 6 ]
[ 29 ]
[ 6 ]
[ 2 74 ]
[ 8 ]
[ 32 15 10 91 95 ]
[ 34 70 ]
[ 27 ]
[ 14 18 57 67 ]
[ 16 ]
[ 14 85 ]
[ 31 7 47 64 ]
[ 31 46 7 64 66 ]
[ 12 3 49 52 75 ]
[ 12 3 48 56 ]
[ 24 54 ]
[ 11 92 ]
[ 48 75 ]
[ 28 22 ]
[ 50 24 ]
[ 21 79 ]
[ 12 49 ]
[ 30 43 ]
[ 34 30 60 62 91 94 ]
[ 13 0 29 69 87 90 ]
[ 58 84 ]
[ 25 ]
[ 58 30 94 ]
[ 20 73 ]
[ 46 7 31 47 ]
[ 1 ]
[ 47 83 86 ]
[ 43 18 ]
[ 1 10 14 16 22 ]
[ 59 29 13 90 ]
[ 41 34 ]
[ 14 77 ]
[ 14 ]
[ 63 20 ]
[ 38 ]
[ 52 48 ]
[ 8 3 ]
[ 71 ]
[ 2 ]
[ 55 ]
[ 27 ]
[ 25 ]
[ 9 ]
[ 66 ]
[ 60 5 88 ]
[ 45 ]
[ 13 66 ]
[ 59 ]
[ 5 22 84 ]
[ 30 3 ]
[ 59 69 ]
[ 40 58 ]
[ 51 ]
[ 20 ]
[ 62 30 58 ]
[ 40 ]
[ 22 ]
[ 22 ]
]