15
37
38
60
74
117
482
523
579
633
647
673
738
801
857
891
952
end
57
99
177
337
339
389
394
453
529
532
551
589
698
705
728
845
end
132
187
199
346
348
352
368
380
383
398
490
560
572
577
658
671
675
743
760
790
803
811
823
832
901
end
30
100
235
311
319
345
390
502
557
596
651
681
691
700
726
746
767
776
877
883
901
928
end
35
54
123
154
166
192
197
282
359
377
426
556
592
653
760
772
840
845
925
end
30
82
132
163
350
374
387
406
485
542
558
607
639
680
705
732
736
739
779
784
816
831
863
896
910
931
end
9
10
56
70
92
128
154
190
212
256
338
356
361
429
506
508
628
639
641
678
711
745
783
839
856
923
924
end
225
243
243
251
275
308
392
484
544
560
682
916
922
951
end
24
112
126
130
137
141
229
285
386
440
465
568
708
777
795
830
881
end
12
27
32
65
75
174
193
237
278
310
452
473
486
511
610
625
638
652
683
699
715
738
789
790
799
834
873
897
end
39
81
90
95
98
119
262
366
370
372
373
382
418
561
588
655
723
754
787
807
881
896
933
949
end
182
241
257
316
342
475
564
592
599
600
701
709
724
757
796
871
892
934
943
946
end
22
23
54
55
58
108
115
140
157
222
301
317
349
370
523
549
556
559
603
615
693
740
811
908
950
end
40
118
224
228
276
285
352
384
388
447
538
574
695
736
818
885
end
35
83
184
246
293
340
358
389
459
482
583
597
721
782
840
872
874
end
11
72
76
79
108
125
194
261
297
320
349
378
397
402
428
469
510
553
645
647
770
788
814
828
834
901
916
end
18
34
48
103
141
172
413
544
546
632
644
655
665
822
833
847
893
end
79
80
101
223
239
313
337
524
622
646
678
687
702
950
964
end
8
45
69
100
110
127
193
208
289
291
368
393
438
468
481
492
602
635
648
668
827
end
67
148
186
199
208
236
243
247
415
600
941
end
2
4
22
104
163
306
339
394
403
454
595
697
713
848
end
55
165
205
238
277
309
321
344
353
455
512
517
523
621
641
674
686
787
817
892
end
67
97
280
281
284
289
290
292
296
376
399
478
607
659
670
780
794
893
964
end
77
113
134
160
181
255
285
302
319
343
427
539
662
713
769
780
867
884
end
62
74
77
236
240
242
303
360
361
363
431
497
599
665
679
765
904
938
941
end
165
170
194
230
283
295
378
400
406
460
472
489
491
495
514
535
584
590
606
692
849
870
894
end
16
50
72
105
107
111
152
173
176
211
234
296
360
423
456
491
509
519
557
630
696
702
748
843
919
end
36
83
85
151
155
220
226
235
270
418
438
449
460
468
472
481
481
492
514
515
522
573
655
720
855
889
end
1
6
51
116
148
157
254
254
274
294
335
337
355
469
511
565
597
761
762
779
793
799
828
874
end
87
110
111
210
223
266
271
286
309
335
338
344
405
494
547
563
566
608
618
620
730
763
818
883
884
886
898
end
40
158
222
227
254
347
349
434
474
487
505
527
797
800
833
838
859
919
959
961
end
3
78
84
214
268
269
311
328
365
384
452
608
677
684
730
749
778
794
end
268
373
391
439
573
626
774
816
948
end
21
25
28
112
117
146
177
275
311
327
332
334
414
458
477
507
536
569
603
647
653
798
835
end
62
217
235
239
353
387
409
499
711
723
729
810
821
862
930
end
14
128
222
336
341
343
365
425
470
503
555
639
717
803
837
866
end
56
66
76
159
276
288
312
332
371
416
497
518
526
539
634
640
674
710
747
866
868
922
end
43
73
95
179
204
225
267
364
414
424
485
571
591
645
648
661
703
753
792
841
end
28
65
109
129
129
142
218
239
249
259
287
343
401
489
496
604
646
685
727
end
5
8
19
50
71
86
136
138
185
249
264
265
288
318
374
419
462
509
515
615
621
755
775
806
end
46
81
88
98
234
242
307
312
326
369
394
410
439
479
491
512
541
642
650
659
666
721
721
783
818
841
844
end
60
80
139
154
237
238
288
308
379
421
450
672
705
731
734
739
745
766
800
836
937
end
12
75
86
103
118
221
261
317
359
422
516
561
563
762
882
899
914
918
end
17
59
71
262
317
340
383
386
451
530
530
584
621
757
769
821
880
902
935
end
103
133
187
187
216
300
335
445
488
504
554
559
701
718
722
776
875
946
end
117
135
253
299
303
346
360
433
458
480
581
605
654
763
773
870
end
41
49
73
75
85
88
94
114
126
167
181
197
260
352
361
404
437
466
488
591
617
625
640
668
714
719
727
751
824
825
874
926
935
end
169
170
178
226
386
407
444
501
757
808
821
836
879
957
end
3
14
87
305
419
430
515
630
678
709
731
805
815
822
869
880
909
930
962
end
7
38
169
169
224
250
266
369
417
444
448
477
521
541
594
664
749
793
794
809
812
819
857
935
end
153
200
218
327
413
467
580
586
627
672
760
774
842
858
864
890
956
end
57
66
93
149
264
427
442
456
528
569
616
657
676
807
870
929
930
965
end
45
53
53
151
180
212
318
370
450
476
553
560
618
624
653
661
697
838
844
850
882
941
958
end
44
45
248
272
363
387
420
484
493
512
545
586
648
662
672
688
747
748
786
837
876
900
925
932
937
end
44
61
107
182
269
366
375
533
589
630
682
807
845
end
43
77
122
219
241
266
377
396
448
455
483
508
564
569
598
605
709
804
820
854
888
end
64
76
97
100
160
259
300
302
407
521
611
619
626
646
712
735
756
796
852
929
end
25
68
74
166
203
211
234
359
427
461
607
838
849
852
856
867
876
913
943
end
79
128
397
441
459
462
506
510
533
613
638
656
668
722
724
738
814
858
965
end
82
161
164
189
193
252
258
283
301
342
346
362
363
380
457
529
531
557
588
677
701
761
774
926
end
8
26
93
178
181
188
227
245
282
293
297
298
326
679
689
704
715
752
805
809
813
826
854
end
7
68
115
281
313
330
362
471
551
571
649
649
666
759
920
end
56
57
122
191
227
232
236
241
273
302
316
511
524
581
585
681
843
856
873
943
960
end
50
62
136
162
183
215
229
290
487
587
587
602
631
667
670
688
706
731
762
835
868
871
878
903
936
957
end
98
113
168
189
281
332
333
362
367
385
463
519
534
645
714
741
781
894
903
910
928
933
end
11
11
63
94
105
149
278
308
344
365
374
472
501
573
598
669
746
765
788
828
898
903
934
end
27
38
41
90
96
184
217
240
357
443
464
464
559
640
718
737
742
881
884
906
925
944
954
end
64
94
135
148
290
348
351
364
532
556
602
623
643
643
669
683
726
728
746
799
802
809
846
887
895
end
5
39
129
171
216
232
256
298
383
408
479
498
502
525
572
623
651
667
683
733
763
829
864
868
915
949
end
90
109
176
183
201
204
209
296
355
434
445
485
562
580
601
603
644
734
761
820
951
end
92
147
336
345
425
470
497
534
543
662
675
686
693
725
789
940
end
63
96
142
145
321
378
380
388
443
467
567
605
767
795
823
905
end
33
118
185
192
298
320
353
381
403
435
442
450
461
500
529
593
681
698
719
773
823
825
825
857
858
875
899
907
end
44
61
69
138
214
304
314
331
376
382
407
470
501
506
521
582
584
601
759
917
918
946
end
124
231
271
328
364
464
477
575
595
615
720
741
766
788
890
912
921
942
end
120
205
376
385
406
441
457
509
578
610
636
682
689
692
916
929
end
12
41
156
173
202
287
312
329
537
539
547
604
680
700
708
768
770
785
792
839
912
920
947
964
end
248
276
339
375
381
465
484
597
618
664
759
768
804
812
865
888
919
927
end
5
31
35
43
46
46
52
93
122
143
198
203
249
315
320
345
354
415
504
547
554
578
593
620
747
756
827
834
906
945
end
17
102
121
197
230
355
476
562
744
783
844
899
912
end
28
40
69
70
153
155
278
289
369
390
391
463
528
629
713
715
735
814
833
853
861
906
927
934
end
42
55
84
91
149
170
329
389
390
498
591
878
887
955
end
106
120
182
214
305
322
329
469
540
552
570
578
587
637
638
667
703
727
737
810
860
893
908
end
10
13
31
82
123
146
151
233
263
382
418
479
614
707
811
850
915
end
88
101
188
195
201
238
299
304
334
392
411
432
478
554
570
594
595
629
686
725
776
819
908
911
931
end
106
113
126
145
157
177
202
202
206
350
430
592
637
690
691
773
829
866
880
932
951
end
52
104
132
190
201
277
280
323
384
433
436
444
520
550
571
623
730
740
764
864
927
945
end
29
104
207
379
480
537
550
632
716
879
890
end
111
112
114
192
242
304
305
391
395
403
426
446
448
493
514
519
552
568
669
728
812
961
end
60
67
120
133
175
216
273
324
336
350
388
416
458
835
877
920
end
59
101
109
121
167
199
244
252
273
324
381
461
601
737
791
813
831
939
947
end
1
15
115
131
145
257
258
280
309
326
331
405
408
467
487
513
541
666
716
758
771
801
879
914
918
end
7
99
110
144
261
265
293
342
428
495
535
548
553
555
586
612
617
777
798
851
963
end
18
25
99
150
165
167
228
250
306
478
524
561
572
673
675
922
end
27
116
121
186
256
279
341
341
445
457
499
543
659
663
704
733
750
891
949
953
end
51
95
142
153
213
265
319
325
412
495
542
576
585
651
698
723
752
797
824
851
939
end
196
269
270
318
385
420
429
447
471
540
577
609
660
677
754
797
865
end
16
20
47
89
106
136
178
257
275
303
379
413
415
454
535
581
694
790
954
end
