60
docs
7
69
77
86
201
208
216
246
294
372
388
438
459
518
566
575
582
602
653
686
721
744
753
794
879
881
918
935
936
956
end
35
37
52
80
173
223
298
302
343
416
451
454
470
497
510
519
534
574
578
586
605
608
610
625
626
686
691
729
746
748
758
860
901
end
39
40
47
55
136
167
204
233
264
276
282
291
306
351
351
370
399
414
468
498
518
546
549
562
573
646
696
761
774
786
808
809
894
919
end
9
62
81
181
229
287
328
345
373
430
489
505
566
620
644
672
683
705
725
764
855
869
874
889
914
921
930
end
14
34
80
105
105
130
183
217
241
243
244
254
349
390
392
393
461
512
622
629
644
688
702
709
733
741
760
802
839
877
end
26
46
81
82
95
104
138
165
182
199
317
326
342
360
406
440
444
445
448
485
487
494
502
525
617
657
672
682
752
864
885
886
end
14
138
148
149
151
169
178
192
236
286
422
449
450
465
477
587
606
647
699
714
735
830
858
881
889
895
915
965
end
47
64
71
115
153
161
205
214
259
285
307
311
321
352
425
427
432
468
555
572
580
600
625
669
736
742
758
790
887
906
927
939
end
10
12
65
72
96
119
131
159
177
192
214
281
407
454
467
489
498
548
580
655
701
759
761
762
769
814
827
847
860
906
929
931
938
939
959
end
17
79
97
144
175
212
216
218
252
253
318
346
382
391
408
429
435
499
504
509
547
559
604
615
648
749
845
866
878
892
933
935
end
10
54
56
93
99
110
140
146
178
191
200
215
222
295
411
440
442
458
464
488
500
533
535
543
582
647
737
908
925
958
end
44
73
152
206
211
239
243
266
341
362
418
424
439
451
467
481
481
510
515
555
559
598
600
631
650
660
673
721
733
740
785
816
830
839
840
870
925
941
end
15
49
53
93
106
124
134
189
415
466
524
533
560
565
570
609
633
685
728
775
828
851
853
878
924
939
end
10
152
161
163
189
214
256
263
366
404
407
412
413
428
476
504
511
528
557
568
628
639
664
707
754
766
783
932
956
end
30
90
172
182
243
244
272
273
282
313
333
353
372
418
456
491
492
496
546
577
632
710
710
745
778
797
837
866
905
937
end
6
28
132
139
170
183
187
262
263
292
305
323
386
409
443
615
666
750
887
888
905
926
933
end
5
28
52
64
172
209
218
302
335
402
433
441
589
630
641
649
652
685
686
702
776
789
798
818
870
942
946
961
end
4
24
46
66
116
128
136
143
167
174
234
274
283
285
289
331
404
405
459
478
495
511
534
551
594
603
614
624
631
651
654
670
679
735
737
742
752
776
845
912
913
end
3
19
20
59
63
92
95
199
202
319
345
386
400
423
431
458
462
480
516
532
547
556
594
627
640
650
659
680
694
732
732
871
883
941
963
end
15
68
70
94
201
249
255
257
286
287
314
324
335
337
343
350
357
369
376
392
401
435
467
497
538
540
546
552
578
599
613
646
673
694
701
775
793
800
842
887
902
943
963
end
49
101
117
137
156
168
178
234
304
310
321
333
336
355
356
372
374
377
413
437
506
536
540
570
581
607
609
623
703
714
728
752
818
850
870
922
end
63
105
127
187
210
231
234
246
251
272
307
331
344
371
376
466
476
482
492
495
530
535
537
567
583
611
665
674
695
706
712
739
787
812
820
824
835
877
end
1
82
83
89
90
97
100
108
210
262
305
318
404
444
492
537
552
554
590
619
643
689
713
734
809
821
826
853
855
867
874
900
928
949
962
end
1
84
88
146
150
231
297
311
336
348
357
394
405
423
463
497
501
615
622
661
662
675
679
715
807
838
883
910
911
934
end
3
16
21
29
45
49
57
98
143
169
198
213
219
279
284
306
328
355
360
361
367
396
432
460
469
486
522
635
659
668
777
782
791
795
833
890
929
936
941
end
41
54
91
121
125
128
131
183
185
185
191
207
268
290
308
344
375
446
477
564
574
576
691
759
829
895
end
18
61
122
126
140
171
179
195
227
259
292
296
341
342
375
403
493
513
539
584
606
612
690
716
938
end
52
66
66
141
226
233
240
316
338
346
381
383
479
486
499
506
630
645
657
677
697
743
768
772
801
806
822
843
844
845
880
892
904
948
end
24
43
104
112
202
203
220
245
263
332
368
395
397
402
417
515
520
521
531
568
575
582
592
593
614
670
697
713
717
722
750
763
766
781
815
818
848
950
957
end
1
15
69
91
114
162
171
230
265
277
300
312
363
373
381
409
499
531
581
645
678
699
759
770
806
813
831
835
837
888
end
44
74
93
117
172
186
194
196
271
297
334
337
379
385
410
504
529
536
560
562
563
628
646
653
662
711
716
844
857
882
931
954
end
96
121
122
184
195
197
291
318
384
388
422
471
483
500
541
613
676
698
746
760
867
876
886
889
894
903
920
end
31
42
51
89
113
113
145
189
197
200
221
230
270
306
316
354
394
396
427
442
478
512
531
577
579
586
595
624
681
713
734
751
805
822
851
866
868
883
884
900
907
926
954
965
end
18
22
32
70
109
135
141
142
205
211
212
228
299
348
407
414
421
472
474
493
541
697
719
773
782
794
810
811
864
876
884
886
923
937
945
957
958
960
end
12
18
76
114
122
173
176
229
232
266
273
378
378
387
430
446
515
520
610
669
681
702
720
723
807
863
890
936
end
28
59
61
145
174
176
241
276
281
292
297
309
312
319
327
378
409
419
419
503
527
541
573
597
633
712
726
748
774
788
814
819
835
841
876
937
963
end
25
37
77
133
170
200
212
242
255
270
293
313
364
389
434
445
484
527
570
598
632
689
706
707
722
787
880
909
925
end
7
16
26
36
36
50
61
67
68
81
179
193
255
260
270
290
317
330
339
360
377
414
439
462
472
482
490
508
552
590
623
658
662
687
701
709
757
763
769
780
791
806
820
826
863
896
900
911
933
944
944
end
2
23
54
78
82
85
87
88
103
104
188
247
249
264
286
298
309
368
426
430
532
543
562
601
636
637
647
664
692
732
756
798
831
859
880
884
914
end
48
109
129
246
283
315
358
486
509
658
718
738
861
862
875
879
891
908
944
end
2
7
45
78
165
209
233
251
258
264
281
304
310
358
384
384
415
502
529
545
617
634
634
719
735
772
792
809
810
816
852
873
943
end
4
26
50
60
60
62
101
117
141
170
229
250
275
324
380
387
400
449
485
485
495
496
543
572
604
616
620
660
738
783
789
827
872
899
909
952
959
end
11
13
27
31
58
67
72
98
138
139
175
188
208
211
225
254
282
313
388
436
468
479
553
573
583
585
599
600
640
667
674
684
693
708
768
773
790
804
819
825
875
922
932
954
end
5
11
17
22
38
39
55
102
198
203
232
279
293
329
366
367
460
517
587
700
730
731
757
771
816
890
896
901
903
911
938
953
end
63
84
91
131
221
253
271
337
390
480
544
561
567
571
577
616
659
671
687
700
731
788
843
858
874
894
899
914
958
end
8
50
67
92
179
231
280
376
397
425
472
514
526
574
593
612
683
796
797
838
893
929
end
64
75
92
107
121
149
158
220
250
260
269
301
301
365
381
383
391
405
416
452
473
475
487
560
587
605
614
617
621
639
688
693
717
747
786
850
860
882
892
931
942
end
4
116
120
140
164
166
166
239
284
345
399
406
422
425
447
457
507
526
551
575
641
642
663
769
814
823
834
843
898
916
919
934
935
947
949
end
11
21
109
119
123
165
177
226
245
248
261
274
325
333
456
462
465
481
493
525
548
605
638
720
724
728
745
878
908
934
957
end
3
14
182
216
244
253
261
296
316
358
417
441
510
513
588
591
642
664
726
762
832
850
882
end
32
132
133
149
302
341
396
419
446
471
557
572
585
593
616
642
663
696
766
794
810
813
817
897
end
41
96
97
116
155
237
254
276
288
303
315
326
328
346
385
406
442
455
505
509
523
528
533
542
549
563
571
584
613
622
627
666
706
727
744
800
834
844
912
943
end
74
80
95
119
127
137
364
420
427
471
519
524
569
571
654
656
695
719
742
756
770
782
799
803
846
855
885
932
955
end
24
58
59
69
125
132
157
203
227
235
279
285
397
410
433
439
443
451
453
453
456
508
523
528
530
565
566
611
658
676
699
708
793
801
819
823
839
852
904
end
44
111
143
197
259
269
289
426
548
555
558
568
601
639
695
712
765
779
828
831
854
865
869
877
901
907
940
end
46
48
53
118
127
147
152
159
164
173
193
193
222
224
238
278
283
293
296
320
327
344
368
375
395
418
461
511
538
563
618
619
625
633
657
730
733
755
764
774
793
836
873
end
17
125
159
232
357
391
392
403
428
478
506
527
529
596
611
641
670
676
677
698
723
849
917
951
953
end
40
78
163
163
180
190
208
209
268
311
314
332
340
371
385
412
491
550
648
684
689
690
707
734
748
770
781
end
100
133
144
194
198
247
275
275
298
359
361
398
410
443
450
502
519
547
599
650
694
698
721
729
767
772
800
830
858
872
899
928
964
end
33
39
45
48
65
73
88
89
99
106
142
154
160
161
226
236
260
267
290
322
326
331
342
347
361
421
465
508
626
656
685
704
741
784
789
856
915
921
955
end
